B:     0    15   2.51 2.09 9.41 4.23 3.96 3.83 2.32 5.36 5.33 8.63 9.62 3.15 7.36 6.55 0.50
B:     0     7   2.51 2.09 9.41 4.23 3.96 3.83 2.32 5.36 5.33 8.63 9.62 3.15 7.36 6.55 0.50
B:     0     3   2.51 2.09 9.41 4.23 3.96 3.83 2.32 5.36 5.33 8.63 9.62 3.15 7.36 6.55 0.50
B:     1     2   2.51 2.09 9.41 4.23 3.96 3.83 2.32 5.36 5.33 8.63 9.62 3.15 7.36 6.55 0.50
E:     1     2   2.51 2.09 9.41 4.23 3.96 3.83 2.32 5.36 5.33 8.63 9.62 3.15 7.36 6.55 0.50
E:     0     3   2.09 2.51 9.41 4.23 3.96 3.83 2.32 5.36 5.33 8.63 9.62 3.15 7.36 6.55 0.50
B:     3     4   2.09 2.51 9.41 4.23 3.96 3.83 2.32 5.36 5.33 8.63 9.62 3.15 7.36 6.55 0.50
B:     3     2   2.09 2.51 9.41 4.23 3.96 3.83 2.32 5.36 5.33 8.63 9.62 3.15 7.36 6.55 0.50
E:     3     2   2.09 2.51 9.41 3.96 4.23 3.83 2.32 5.36 5.33 8.63 9.62 3.15 7.36 6.55 0.50
B:     5     2   2.09 2.51 9.41 3.96 4.23 3.83 2.32 5.36 5.33 8.63 9.62 3.15 7.36 6.55 0.50
E:     5     2   2.09 2.51 9.41 3.96 4.23 2.32 3.83 5.36 5.33 8.63 9.62 3.15 7.36 6.55 0.50
E:     3     4   2.09 2.51 9.41 2.32 3.83 3.96 4.23 5.36 5.33 8.63 9.62 3.15 7.36 6.55 0.50
E:     0     7   2.09 2.32 2.51 3.83 3.96 4.23 9.41 5.36 5.33 8.63 9.62 3.15 7.36 6.55 0.50
B:     7     8   2.09 2.32 2.51 3.83 3.96 4.23 9.41 5.36 5.33 8.63 9.62 3.15 7.36 6.55 0.50
B:     7     4   2.09 2.32 2.51 3.83 3.96 4.23 9.41 5.36 5.33 8.63 9.62 3.15 7.36 6.55 0.50
B:     7     2   2.09 2.32 2.51 3.83 3.96 4.23 9.41 5.36 5.33 8.63 9.62 3.15 7.36 6.55 0.50
E:     7     2   2.09 2.32 2.51 3.83 3.96 4.23 9.41 5.33 5.36 8.63 9.62 3.15 7.36 6.55 0.50
B:     9     2   2.09 2.32 2.51 3.83 3.96 4.23 9.41 5.33 5.36 8.63 9.62 3.15 7.36 6.55 0.50
E:     9     2   2.09 2.32 2.51 3.83 3.96 4.23 9.41 5.33 5.36 8.63 9.62 3.15 7.36 6.55 0.50
E:     7     4   2.09 2.32 2.51 3.83 3.96 4.23 9.41 5.33 5.36 8.63 9.62 3.15 7.36 6.55 0.50
B:    11     4   2.09 2.32 2.51 3.83 3.96 4.23 9.41 5.33 5.36 8.63 9.62 3.15 7.36 6.55 0.50
B:    11     2   2.09 2.32 2.51 3.83 3.96 4.23 9.41 5.33 5.36 8.63 9.62 3.15 7.36 6.55 0.50
E:    11     2   2.09 2.32 2.51 3.83 3.96 4.23 9.41 5.33 5.36 8.63 9.62 3.15 7.36 6.55 0.50
B:    13     2   2.09 2.32 2.51 3.83 3.96 4.23 9.41 5.33 5.36 8.63 9.62 3.15 7.36 6.55 0.50
E:    13     2   2.09 2.32 2.51 3.83 3.96 4.23 9.41 5.33 5.36 8.63 9.62 3.15 7.36 0.50 6.55
E:    11     4   2.09 2.32 2.51 3.83 3.96 4.23 9.41 5.33 5.36 8.63 9.62 0.50 3.15 6.55 7.36
E:     7     8   2.09 2.32 2.51 3.83 3.96 4.23 9.41 0.50 3.15 5.33 5.36 6.55 7.36 8.63 9.62
E:     0    15   0.50 2.09 2.32 2.51 3.15 3.83 3.96 4.23 5.33 5.36 6.55 7.36 8.63 9.41 9.62
                 0.50 2.09 2.32 2.51 3.15 3.83 3.96 4.23 5.33 5.36 6.55 7.36 8.63 9.41 9.62
