B:     0    16   2.51 2.09 9.41 4.23 3.96 3.83 2.32 5.36 5.33 8.63 9.62 3.15 7.36 6.55 0.50 4.54
B:     0     8   2.51 2.09 9.41 4.23 3.96 3.83 2.32 5.36 5.33 8.63 9.62 3.15 7.36 6.55 0.50 4.54
B:     0     4   2.51 2.09 9.41 4.23 3.96 3.83 2.32 5.36 5.33 8.63 9.62 3.15 7.36 6.55 0.50 4.54
B:     0     2   2.51 2.09 9.41 4.23 3.96 3.83 2.32 5.36 5.33 8.63 9.62 3.15 7.36 6.55 0.50 4.54
E:     0     2   2.09 2.51 9.41 4.23 3.96 3.83 2.32 5.36 5.33 8.63 9.62 3.15 7.36 6.55 0.50 4.54
B:     2     2   2.09 2.51 9.41 4.23 3.96 3.83 2.32 5.36 5.33 8.63 9.62 3.15 7.36 6.55 0.50 4.54
E:     2     2   2.09 2.51 4.23 9.41 3.96 3.83 2.32 5.36 5.33 8.63 9.62 3.15 7.36 6.55 0.50 4.54
E:     0     4   2.09 2.51 4.23 9.41 3.96 3.83 2.32 5.36 5.33 8.63 9.62 3.15 7.36 6.55 0.50 4.54
B:     4     4   2.09 2.51 4.23 9.41 3.96 3.83 2.32 5.36 5.33 8.63 9.62 3.15 7.36 6.55 0.50 4.54
B:     4     2   2.09 2.51 4.23 9.41 3.96 3.83 2.32 5.36 5.33 8.63 9.62 3.15 7.36 6.55 0.50 4.54
E:     4     2   2.09 2.51 4.23 9.41 3.83 3.96 2.32 5.36 5.33 8.63 9.62 3.15 7.36 6.55 0.50 4.54
B:     6     2   2.09 2.51 4.23 9.41 3.83 3.96 2.32 5.36 5.33 8.63 9.62 3.15 7.36 6.55 0.50 4.54
E:     6     2   2.09 2.51 4.23 9.41 3.83 3.96 2.32 5.36 5.33 8.63 9.62 3.15 7.36 6.55 0.50 4.54
E:     4     4   2.09 2.51 4.23 9.41 2.32 3.83 3.96 5.36 5.33 8.63 9.62 3.15 7.36 6.55 0.50 4.54
E:     0     8   2.09 2.32 2.51 3.83 3.96 4.23 5.36 9.41 5.33 8.63 9.62 3.15 7.36 6.55 0.50 4.54
B:     8     8   2.09 2.32 2.51 3.83 3.96 4.23 5.36 9.41 5.33 8.63 9.62 3.15 7.36 6.55 0.50 4.54
B:     8     4   2.09 2.32 2.51 3.83 3.96 4.23 5.36 9.41 5.33 8.63 9.62 3.15 7.36 6.55 0.50 4.54
B:     8     2   2.09 2.32 2.51 3.83 3.96 4.23 5.36 9.41 5.33 8.63 9.62 3.15 7.36 6.55 0.50 4.54
E:     8     2   2.09 2.32 2.51 3.83 3.96 4.23 5.36 9.41 5.33 8.63 9.62 3.15 7.36 6.55 0.50 4.54
B:    10     2   2.09 2.32 2.51 3.83 3.96 4.23 5.36 9.41 5.33 8.63 9.62 3.15 7.36 6.55 0.50 4.54
E:    10     2   2.09 2.32 2.51 3.83 3.96 4.23 5.36 9.41 5.33 8.63 3.15 9.62 7.36 6.55 0.50 4.54
E:     8     4   2.09 2.32 2.51 3.83 3.96 4.23 5.36 9.41 3.15 5.33 8.63 9.62 7.36 6.55 0.50 4.54
B:    12     4   2.09 2.32 2.51 3.83 3.96 4.23 5.36 9.41 3.15 5.33 8.63 9.62 7.36 6.55 0.50 4.54
B:    12     2   2.09 2.32 2.51 3.83 3.96 4.23 5.36 9.41 3.15 5.33 8.63 9.62 7.36 6.55 0.50 4.54
E:    12     2   2.09 2.32 2.51 3.83 3.96 4.23 5.36 9.41 3.15 5.33 8.63 9.62 6.55 7.36 0.50 4.54
B:    14     2   2.09 2.32 2.51 3.83 3.96 4.23 5.36 9.41 3.15 5.33 8.63 9.62 6.55 7.36 0.50 4.54
E:    14     2   2.09 2.32 2.51 3.83 3.96 4.23 5.36 9.41 3.15 5.33 8.63 9.62 6.55 7.36 0.50 4.54
E:    12     4   2.09 2.32 2.51 3.83 3.96 4.23 5.36 9.41 3.15 5.33 8.63 9.62 0.50 4.54 6.55 7.36
E:     8     8   2.09 2.32 2.51 3.83 3.96 4.23 5.36 9.41 0.50 3.15 4.54 5.33 6.55 7.36 8.63 9.62
E:     0    16   0.50 2.09 2.32 2.51 3.15 3.83 3.96 4.23 4.54 5.33 5.36 6.55 7.36 8.63 9.41 9.62
                 0.50 2.09 2.32 2.51 3.15 3.83 3.96 4.23 4.54 5.33 5.36 6.55 7.36 8.63 9.41 9.62
