S:     0    15       2.51 2.09 9.41 4.23 3.96 3.83 2.32 5.36 5.33 8.63 9.62 3.15 7.36 6.55 0.50
M:     0    15  2.51 2.51 2.09 9.41 4.23 3.96 3.83 2.32 5.36 5.33 8.63 9.62 3.15 7.36 6.55 0.50
P:     0    15     3 2.32 2.09 0.50 2.51 3.96 3.83 4.23 5.36 5.33 8.63 9.62 3.15 7.36 6.55 9.41
S:     0     3       2.32 2.09 0.50 2.51 3.96 3.83 4.23 5.36 5.33 8.63 9.62 3.15 7.36 6.55 9.41
M:     0     3  2.09 2.09 2.32 0.50 2.51 3.96 3.83 4.23 5.36 5.33 8.63 9.62 3.15 7.36 6.55 9.41
P:     0     3     1 0.50 2.09 2.32 2.51 3.96 3.83 4.23 5.36 5.33 8.63 9.62 3.15 7.36 6.55 9.41
S:     4    11       0.50 2.09 2.32 2.51 3.96 3.83 4.23 5.36 5.33 8.63 9.62 3.15 7.36 6.55 9.41
M:     4    11  8.63 0.50 2.09 2.32 2.51 8.63 3.83 4.23 5.36 5.33 3.96 9.62 3.15 7.36 6.55 9.41
P:     4    11    12 0.50 2.09 2.32 2.51 7.36 3.83 4.23 5.36 5.33 3.96 6.55 3.15 8.63 9.62 9.41
S:     4     8       0.50 2.09 2.32 2.51 7.36 3.83 4.23 5.36 5.33 3.96 6.55 3.15 8.63 9.62 9.41
M:     4     8  5.33 0.50 2.09 2.32 2.51 5.33 3.83 4.23 5.36 7.36 3.96 6.55 3.15 8.63 9.62 9.41
P:     4     8     8 0.50 2.09 2.32 2.51 3.96 3.83 4.23 3.15 5.33 7.36 6.55 5.36 8.63 9.62 9.41
S:     4     4       0.50 2.09 2.32 2.51 3.96 3.83 4.23 3.15 5.33 7.36 6.55 5.36 8.63 9.62 9.41
M:     4     4  3.96 0.50 2.09 2.32 2.51 3.96 3.83 4.23 3.15 5.33 7.36 6.55 5.36 8.63 9.62 9.41
P:     4     4     6 0.50 2.09 2.32 2.51 3.15 3.83 3.96 4.23 5.33 7.36 6.55 5.36 8.63 9.62 9.41
S:     4     2       0.50 2.09 2.32 2.51 3.15 3.83 3.96 4.23 5.33 7.36 6.55 5.36 8.63 9.62 9.41
S:     9     3       0.50 2.09 2.32 2.51 3.15 3.83 3.96 4.23 5.33 7.36 6.55 5.36 8.63 9.62 9.41
M:     9     3  6.55 0.50 2.09 2.32 2.51 3.15 3.83 3.96 4.23 5.33 6.55 7.36 5.36 8.63 9.62 9.41
P:     9     3    10 0.50 2.09 2.32 2.51 3.15 3.83 3.96 4.23 5.33 5.36 6.55 7.36 8.63 9.62 9.41
S:    13     2       0.50 2.09 2.32 2.51 3.15 3.83 3.96 4.23 5.33 5.36 6.55 7.36 8.63 9.62 9.41
                     0.50 2.09 2.32 2.51 3.15 3.83 3.96 4.23 5.33 5.36 6.55 7.36 8.63 9.41 9.62
