S:     0    10       0.08 0.91 7.42 0.60 4.71 7.30 1.51 9.64 7.63 3.36
M:     0    10  3.36 3.36 0.91 7.42 0.60 4.71 7.30 1.51 9.64 7.63 0.08
P:     0    10     4 1.51 0.91 0.08 0.60 3.36 7.30 4.71 9.64 7.63 7.42
S:     0     4       1.51 0.91 0.08 0.60 3.36 7.30 4.71 9.64 7.63 7.42
M:     0     4  0.60 0.60 0.91 0.08 1.51 3.36 7.30 4.71 9.64 7.63 7.42
P:     0     4     1 0.08 0.60 0.91 1.51 3.36 7.30 4.71 9.64 7.63 7.42
S:     2     2       0.08 0.60 0.91 1.51 3.36 7.30 4.71 9.64 7.63 7.42
S:     5     5       0.08 0.60 0.91 1.51 3.36 7.30 4.71 9.64 7.63 7.42
M:     5     5  7.42 0.08 0.60 0.91 1.51 3.36 7.42 4.71 9.64 7.63 7.30
P:     5     5     7 0.08 0.60 0.91 1.51 3.36 7.30 4.71 7.42 7.63 9.64
S:     5     2       0.08 0.60 0.91 1.51 3.36 7.30 4.71 7.42 7.63 9.64
S:     8     2       0.08 0.60 0.91 1.51 3.36 4.71 7.30 7.42 7.63 9.64
                     0.08 0.60 0.91 1.51 3.36 4.71 7.30 7.42 7.63 9.64
