S:     0    15       0.42 4.54 8.35 3.36 5.65 0.02 1.88 9.90 7.50 3.66 3.51 5.73 1.33 0.64 9.51
M:     0    15  9.51 9.51 4.54 8.35 3.36 5.65 0.02 1.88 9.90 7.50 3.66 3.51 5.73 1.33 0.64 0.42
P:     0    15    13 0.64 4.54 8.35 3.36 5.65 0.02 1.88 0.42 7.50 3.66 3.51 5.73 1.33 9.51 9.90
S:     0    13       0.64 4.54 8.35 3.36 5.65 0.02 1.88 0.42 7.50 3.66 3.51 5.73 1.33 9.51 9.90
M:     0    13  1.33 1.33 4.54 8.35 3.36 5.65 0.02 1.88 0.42 7.50 3.66 3.51 5.73 0.64 9.51 9.90
P:     0    13     3 0.02 0.64 0.42 1.33 5.65 3.36 1.88 8.35 7.50 3.66 3.51 5.73 4.54 9.51 9.90
S:     0     3       0.02 0.64 0.42 1.33 5.65 3.36 1.88 8.35 7.50 3.66 3.51 5.73 4.54 9.51 9.90
M:     0     3  0.42 0.42 0.64 0.02 1.33 5.65 3.36 1.88 8.35 7.50 3.66 3.51 5.73 4.54 9.51 9.90
P:     0     3     1 0.02 0.42 0.64 1.33 5.65 3.36 1.88 8.35 7.50 3.66 3.51 5.73 4.54 9.51 9.90
S:     4     9       0.02 0.42 0.64 1.33 5.65 3.36 1.88 8.35 7.50 3.66 3.51 5.73 4.54 9.51 9.90
M:     4     9  5.65 0.02 0.42 0.64 1.33 5.65 3.36 1.88 8.35 7.50 3.66 3.51 5.73 4.54 9.51 9.90
P:     4     9     9 0.02 0.42 0.64 1.33 3.66 3.36 1.88 4.54 3.51 5.65 7.50 5.73 8.35 9.51 9.90
S:     4     5       0.02 0.42 0.64 1.33 3.66 3.36 1.88 4.54 3.51 5.65 7.50 5.73 8.35 9.51 9.90
M:     4     5  3.51 0.02 0.42 0.64 1.33 3.51 3.36 1.88 4.54 3.66 5.65 7.50 5.73 8.35 9.51 9.90
P:     4     5     6 0.02 0.42 0.64 1.33 1.88 3.36 3.51 4.54 3.66 5.65 7.50 5.73 8.35 9.51 9.90
S:     4     2       0.02 0.42 0.64 1.33 1.88 3.36 3.51 4.54 3.66 5.65 7.50 5.73 8.35 9.51 9.90
S:     7     2       0.02 0.42 0.64 1.33 1.88 3.36 3.51 4.54 3.66 5.65 7.50 5.73 8.35 9.51 9.90
S:    10     3       0.02 0.42 0.64 1.33 1.88 3.36 3.51 3.66 4.54 5.65 7.50 5.73 8.35 9.51 9.90
M:    10     3  7.50 0.02 0.42 0.64 1.33 1.88 3.36 3.51 3.66 4.54 5.65 7.50 5.73 8.35 9.51 9.90
P:    10     3    11 0.02 0.42 0.64 1.33 1.88 3.36 3.51 3.66 4.54 5.65 5.73 7.50 8.35 9.51 9.90
                     0.02 0.42 0.64 1.33 1.88 3.36 3.51 3.66 4.54 5.65 5.73 7.50 8.35 9.51 9.90
S:     0    15       1.54 5.85 2.17 8.07 1.40 6.22 2.11 0.07 5.73 9.33 3.40 8.91 5.94 3.93 8.99
M:     0    15  1.54 1.54 5.85 2.17 8.07 1.40 6.22 2.11 0.07 5.73 9.33 3.40 8.91 5.94 3.93 8.99
P:     0    15     2 1.40 0.07 1.54 8.07 2.17 6.22 2.11 5.85 5.73 9.33 3.40 8.91 5.94 3.93 8.99
S:     0     2       1.40 0.07 1.54 8.07 2.17 6.22 2.11 5.85 5.73 9.33 3.40 8.91 5.94 3.93 8.99
S:     3    12       0.07 1.40 1.54 8.07 2.17 6.22 2.11 5.85 5.73 9.33 3.40 8.91 5.94 3.93 8.99
M:     3    12  8.99 0.07 1.40 1.54 8.99 2.17 6.22 2.11 5.85 5.73 9.33 3.40 8.91 5.94 3.93 8.07
P:     3    12    13 0.07 1.40 1.54 3.93 2.17 6.22 2.11 5.85 5.73 8.07 3.40 8.91 5.94 8.99 9.33
S:     3    10       0.07 1.40 1.54 3.93 2.17 6.22 2.11 5.85 5.73 8.07 3.40 8.91 5.94 8.99 9.33
M:     3    10  5.73 0.07 1.40 1.54 5.73 2.17 6.22 2.11 5.85 3.93 8.07 3.40 8.91 5.94 8.99 9.33
P:     3    10     7 0.07 1.40 1.54 3.93 2.17 3.40 2.11 5.73 5.85 8.07 6.22 8.91 5.94 8.99 9.33
S:     3     4       0.07 1.40 1.54 3.93 2.17 3.40 2.11 5.73 5.85 8.07 6.22 8.91 5.94 8.99 9.33
M:     3     4  3.40 0.07 1.40 1.54 3.40 2.17 3.93 2.11 5.73 5.85 8.07 6.22 8.91 5.94 8.99 9.33
P:     3     4     5 0.07 1.40 1.54 2.11 2.17 3.40 3.93 5.73 5.85 8.07 6.22 8.91 5.94 8.99 9.33
S:     3     2       0.07 1.40 1.54 2.11 2.17 3.40 3.93 5.73 5.85 8.07 6.22 8.91 5.94 8.99 9.33
S:     8     5       0.07 1.40 1.54 2.11 2.17 3.40 3.93 5.73 5.85 8.07 6.22 8.91 5.94 8.99 9.33
M:     8     5  5.94 0.07 1.40 1.54 2.11 2.17 3.40 3.93 5.73 5.94 8.07 6.22 8.91 5.85 8.99 9.33
P:     8     5     9 0.07 1.40 1.54 2.11 2.17 3.40 3.93 5.73 5.85 5.94 6.22 8.91 8.07 8.99 9.33
S:    10     3       0.07 1.40 1.54 2.11 2.17 3.40 3.93 5.73 5.85 5.94 6.22 8.91 8.07 8.99 9.33
M:    10     3  8.07 0.07 1.40 1.54 2.11 2.17 3.40 3.93 5.73 5.85 5.94 8.07 8.91 6.22 8.99 9.33
P:    10     3    11 0.07 1.40 1.54 2.11 2.17 3.40 3.93 5.73 5.85 5.94 6.22 8.07 8.91 8.99 9.33
                     0.07 1.40 1.54 2.11 2.17 3.40 3.93 5.73 5.85 5.94 6.22 8.07 8.91 8.99 9.33
S:     0    15       6.95 2.29 9.62 0.12 1.11 8.84 1.17 7.51 2.97 6.47 4.27 5.01 3.15 4.37 6.60
M:     0    15  6.95 6.95 2.29 9.62 0.12 1.11 8.84 1.17 7.51 2.97 6.47 4.27 5.01 3.15 4.37 6.60
P:     0    15    11 5.01 2.29 6.60 0.12 1.11 4.37 1.17 3.15 2.97 6.47 4.27 6.95 7.51 8.84 9.62
S:     0    11       5.01 2.29 6.60 0.12 1.11 4.37 1.17 3.15 2.97 6.47 4.27 6.95 7.51 8.84 9.62
M:     0    11  4.37 4.37 2.29 6.60 0.12 1.11 5.01 1.17 3.15 2.97 6.47 4.27 6.95 7.51 8.84 9.62
P:     0    11     7 3.15 2.29 4.27 0.12 1.11 2.97 1.17 4.37 5.01 6.47 6.60 6.95 7.51 8.84 9.62
S:     0     7       3.15 2.29 4.27 0.12 1.11 2.97 1.17 4.37 5.01 6.47 6.60 6.95 7.51 8.84 9.62
M:     0     7  1.17 1.17 2.29 4.27 0.12 1.11 2.97 3.15 4.37 5.01 6.47 6.60 6.95 7.51 8.84 9.62
P:     0     7     2 0.12 1.11 1.17 4.27 2.29 2.97 3.15 4.37 5.01 6.47 6.60 6.95 7.51 8.84 9.62
S:     0     2       0.12 1.11 1.17 4.27 2.29 2.97 3.15 4.37 5.01 6.47 6.60 6.95 7.51 8.84 9.62
S:     3     4       0.12 1.11 1.17 4.27 2.29 2.97 3.15 4.37 5.01 6.47 6.60 6.95 7.51 8.84 9.62
M:     3     4  3.15 0.12 1.11 1.17 3.15 2.29 2.97 4.27 4.37 5.01 6.47 6.60 6.95 7.51 8.84 9.62
P:     3     4     5 0.12 1.11 1.17 2.97 2.29 3.15 4.27 4.37 5.01 6.47 6.60 6.95 7.51 8.84 9.62
S:     3     2       0.12 1.11 1.17 2.97 2.29 3.15 4.27 4.37 5.01 6.47 6.60 6.95 7.51 8.84 9.62
S:     8     3       0.12 1.11 1.17 2.29 2.97 3.15 4.27 4.37 5.01 6.47 6.60 6.95 7.51 8.84 9.62
M:     8     3  6.47 0.12 1.11 1.17 2.29 2.97 3.15 4.27 4.37 6.47 5.01 6.60 6.95 7.51 8.84 9.62
P:     8     3     9 0.12 1.11 1.17 2.29 2.97 3.15 4.27 4.37 5.01 6.47 6.60 6.95 7.51 8.84 9.62
S:    12     3       0.12 1.11 1.17 2.29 2.97 3.15 4.27 4.37 5.01 6.47 6.60 6.95 7.51 8.84 9.62
M:    12     3  8.84 0.12 1.11 1.17 2.29 2.97 3.15 4.27 4.37 5.01 6.47 6.60 6.95 8.84 7.51 9.62
P:    12     3    13 0.12 1.11 1.17 2.29 2.97 3.15 4.27 4.37 5.01 6.47 6.60 6.95 7.51 8.84 9.62
                     0.12 1.11 1.17 2.29 2.97 3.15 4.27 4.37 5.01 6.47 6.60 6.95 7.51 8.84 9.62
S:     0    15       7.03 7.75 8.13 3.20 9.82 6.80 1.51 8.76 6.97 3.77 5.65 4.75 2.72 9.39 2.59
M:     0    15  7.03 7.03 7.75 8.13 3.20 9.82 6.80 1.51 8.76 6.97 3.77 5.65 4.75 2.72 9.39 2.59
P:     0    15     9 3.77 2.59 2.72 3.20 4.75 6.80 1.51 5.65 6.97 7.03 8.76 9.82 8.13 9.39 7.75
S:     0     9       3.77 2.59 2.72 3.20 4.75 6.80 1.51 5.65 6.97 7.03 8.76 9.82 8.13 9.39 7.75
M:     0     9  4.75 4.75 2.59 2.72 3.20 3.77 6.80 1.51 5.65 6.97 7.03 8.76 9.82 8.13 9.39 7.75
P:     0     9     5 1.51 2.59 2.72 3.20 3.77 4.75 6.80 5.65 6.97 7.03 8.76 9.82 8.13 9.39 7.75
S:     0     5       1.51 2.59 2.72 3.20 3.77 4.75 6.80 5.65 6.97 7.03 8.76 9.82 8.13 9.39 7.75
M:     0     5  2.72 2.72 2.59 1.51 3.20 3.77 4.75 6.80 5.65 6.97 7.03 8.76 9.82 8.13 9.39 7.75
P:     0     5     2 1.51 2.59 2.72 3.20 3.77 4.75 6.80 5.65 6.97 7.03 8.76 9.82 8.13 9.39 7.75
S:     0     2       1.51 2.59 2.72 3.20 3.77 4.75 6.80 5.65 6.97 7.03 8.76 9.82 8.13 9.39 7.75
S:     3     2       1.51 2.59 2.72 3.20 3.77 4.75 6.80 5.65 6.97 7.03 8.76 9.82 8.13 9.39 7.75
S:     6     3       1.51 2.59 2.72 3.20 3.77 4.75 6.80 5.65 6.97 7.03 8.76 9.82 8.13 9.39 7.75
M:     6     3  6.80 1.51 2.59 2.72 3.20 3.77 4.75 6.80 5.65 6.97 7.03 8.76 9.82 8.13 9.39 7.75
P:     6     3     7 1.51 2.59 2.72 3.20 3.77 4.75 5.65 6.80 6.97 7.03 8.76 9.82 8.13 9.39 7.75
S:    10     5       1.51 2.59 2.72 3.20 3.77 4.75 5.65 6.80 6.97 7.03 8.76 9.82 8.13 9.39 7.75
M:    10     5  8.13 1.51 2.59 2.72 3.20 3.77 4.75 5.65 6.80 6.97 7.03 8.13 9.82 8.76 9.39 7.75
P:    10     5    11 1.51 2.59 2.72 3.20 3.77 4.75 5.65 6.80 6.97 7.03 7.75 8.13 8.76 9.39 9.82
S:    12     3       1.51 2.59 2.72 3.20 3.77 4.75 5.65 6.80 6.97 7.03 7.75 8.13 8.76 9.39 9.82
M:    12     3  9.39 1.51 2.59 2.72 3.20 3.77 4.75 5.65 6.80 6.97 7.03 7.75 8.13 9.39 8.76 9.82
P:    12     3    13 1.51 2.59 2.72 3.20 3.77 4.75 5.65 6.80 6.97 7.03 7.75 8.13 8.76 9.39 9.82
                     1.51 2.59 2.72 3.20 3.77 4.75 5.65 6.80 6.97 7.03 7.75 8.13 8.76 9.39 9.82
S:     0    15       5.40 6.48 5.70 5.10 2.03 0.89 2.81 7.05 7.60 6.71 6.07 3.76 5.12 5.52 6.59
M:     0    15  6.59 6.59 6.48 5.70 5.10 2.03 0.89 2.81 7.05 7.60 6.71 6.07 3.76 5.12 5.52 5.40
P:     0    15    11 3.76 6.48 5.70 5.10 2.03 0.89 2.81 5.40 5.52 5.12 6.07 6.59 6.71 7.60 7.05
S:     0    11       3.76 6.48 5.70 5.10 2.03 0.89 2.81 5.40 5.52 5.12 6.07 6.59 6.71 7.60 7.05
M:     0    11  3.76 3.76 6.48 5.70 5.10 2.03 0.89 2.81 5.40 5.52 5.12 6.07 6.59 6.71 7.60 7.05
P:     0    11     3 2.03 2.81 0.89 3.76 5.10 5.70 6.48 5.40 5.52 5.12 6.07 6.59 6.71 7.60 7.05
S:     0     3       2.03 2.81 0.89 3.76 5.10 5.70 6.48 5.40 5.52 5.12 6.07 6.59 6.71 7.60 7.05
M:     0     3  2.03 2.03 2.81 0.89 3.76 5.10 5.70 6.48 5.40 5.52 5.12 6.07 6.59 6.71 7.60 7.05
P:     0     3     1 0.89 2.03 2.81 3.76 5.10 5.70 6.48 5.40 5.52 5.12 6.07 6.59 6.71 7.60 7.05
S:     4     7       0.89 2.03 2.81 3.76 5.10 5.70 6.48 5.40 5.52 5.12 6.07 6.59 6.71 7.60 7.05
M:     4     7  5.40 0.89 2.03 2.81 3.76 5.40 5.70 6.48 5.10 5.52 5.12 6.07 6.59 6.71 7.60 7.05
P:     4     7     6 0.89 2.03 2.81 3.76 5.10 5.12 5.40 6.48 5.52 5.70 6.07 6.59 6.71 7.60 7.05
S:     4     2       0.89 2.03 2.81 3.76 5.10 5.12 5.40 6.48 5.52 5.70 6.07 6.59 6.71 7.60 7.05
S:     7     4       0.89 2.03 2.81 3.76 5.10 5.12 5.40 6.48 5.52 5.70 6.07 6.59 6.71 7.60 7.05
M:     7     4  6.07 0.89 2.03 2.81 3.76 5.10 5.12 5.40 6.07 5.52 5.70 6.48 6.59 6.71 7.60 7.05
P:     7     4     9 0.89 2.03 2.81 3.76 5.10 5.12 5.40 5.70 5.52 6.07 6.48 6.59 6.71 7.60 7.05
S:     7     2       0.89 2.03 2.81 3.76 5.10 5.12 5.40 5.70 5.52 6.07 6.48 6.59 6.71 7.60 7.05
S:    12     3       0.89 2.03 2.81 3.76 5.10 5.12 5.40 5.52 5.70 6.07 6.48 6.59 6.71 7.60 7.05
M:    12     3  7.05 0.89 2.03 2.81 3.76 5.10 5.12 5.40 5.52 5.70 6.07 6.48 6.59 7.05 7.60 6.71
P:    12     3    13 0.89 2.03 2.81 3.76 5.10 5.12 5.40 5.52 5.70 6.07 6.48 6.59 6.71 7.05 7.60
                     0.89 2.03 2.81 3.76 5.10 5.12 5.40 5.52 5.70 6.07 6.48 6.59 6.71 7.05 7.60
S:     0    15       9.38 1.95 5.93 0.82 5.70 2.67 9.53 2.29 8.02 3.38 5.85 9.45 6.44 9.03 3.68
M:     0    15  3.68 3.68 1.95 5.93 0.82 5.70 2.67 9.53 2.29 8.02 3.38 5.85 9.45 6.44 9.03 9.38
P:     0    15     5 2.67 1.95 3.38 0.82 2.29 3.68 9.53 5.70 8.02 5.93 5.85 9.45 6.44 9.03 9.38
S:     0     5       2.67 1.95 3.38 0.82 2.29 3.68 9.53 5.70 8.02 5.93 5.85 9.45 6.44 9.03 9.38
M:     0     5  2.67 2.67 1.95 3.38 0.82 2.29 3.68 9.53 5.70 8.02 5.93 5.85 9.45 6.44 9.03 9.38
P:     0     5     3 0.82 1.95 2.29 2.67 3.38 3.68 9.53 5.70 8.02 5.93 5.85 9.45 6.44 9.03 9.38
S:     0     3       0.82 1.95 2.29 2.67 3.38 3.68 9.53 5.70 8.02 5.93 5.85 9.45 6.44 9.03 9.38
M:     0     3  1.95 1.95 0.82 2.29 2.67 3.38 3.68 9.53 5.70 8.02 5.93 5.85 9.45 6.44 9.03 9.38
P:     0     3     1 0.82 1.95 2.29 2.67 3.38 3.68 9.53 5.70 8.02 5.93 5.85 9.45 6.44 9.03 9.38
S:     6     9       0.82 1.95 2.29 2.67 3.38 3.68 9.53 5.70 8.02 5.93 5.85 9.45 6.44 9.03 9.38
M:     6     9  9.38 0.82 1.95 2.29 2.67 3.38 3.68 9.38 5.70 8.02 5.93 5.85 9.45 6.44 9.03 9.53
P:     6     9    12 0.82 1.95 2.29 2.67 3.38 3.68 6.44 5.70 8.02 5.93 5.85 9.03 9.38 9.45 9.53
S:     6     6       0.82 1.95 2.29 2.67 3.38 3.68 6.44 5.70 8.02 5.93 5.85 9.03 9.38 9.45 9.53
M:     6     6  6.44 0.82 1.95 2.29 2.67 3.38 3.68 6.44 5.70 8.02 5.93 5.85 9.03 9.38 9.45 9.53
P:     6     6     9 0.82 1.95 2.29 2.67 3.38 3.68 5.93 5.70 5.85 6.44 8.02 9.03 9.38 9.45 9.53
S:     6     3       0.82 1.95 2.29 2.67 3.38 3.68 5.93 5.70 5.85 6.44 8.02 9.03 9.38 9.45 9.53
M:     6     3  5.85 0.82 1.95 2.29 2.67 3.38 3.68 5.85 5.70 5.93 6.44 8.02 9.03 9.38 9.45 9.53
P:     6     3     7 0.82 1.95 2.29 2.67 3.38 3.68 5.70 5.85 5.93 6.44 8.02 9.03 9.38 9.45 9.53
S:    10     2       0.82 1.95 2.29 2.67 3.38 3.68 5.70 5.85 5.93 6.44 8.02 9.03 9.38 9.45 9.53
S:    13     2       0.82 1.95 2.29 2.67 3.38 3.68 5.70 5.85 5.93 6.44 8.02 9.03 9.38 9.45 9.53
                     0.82 1.95 2.29 2.67 3.38 3.68 5.70 5.85 5.93 6.44 8.02 9.03 9.38 9.45 9.53
S:     0    15       2.42 4.89 9.14 3.29 8.27 3.13 9.34 5.93 9.87 3.89 1.96 5.45 9.61 6.50 5.67
M:     0    15  5.67 5.67 4.89 9.14 3.29 8.27 3.13 9.34 5.93 9.87 3.89 1.96 5.45 9.61 6.50 2.42
P:     0    15     7 3.89 4.89 2.42 3.29 5.45 3.13 1.96 5.67 9.87 5.93 9.34 8.27 9.61 6.50 9.14
S:     0     7       3.89 4.89 2.42 3.29 5.45 3.13 1.96 5.67 9.87 5.93 9.34 8.27 9.61 6.50 9.14
M:     0     7  3.29 3.29 4.89 2.42 3.89 5.45 3.13 1.96 5.67 9.87 5.93 9.34 8.27 9.61 6.50 9.14
P:     0     7     3 3.13 1.96 2.42 3.29 5.45 3.89 4.89 5.67 9.87 5.93 9.34 8.27 9.61 6.50 9.14
S:     0     3       3.13 1.96 2.42 3.29 5.45 3.89 4.89 5.67 9.87 5.93 9.34 8.27 9.61 6.50 9.14
M:     0     3  2.42 2.42 1.96 3.13 3.29 5.45 3.89 4.89 5.67 9.87 5.93 9.34 8.27 9.61 6.50 9.14
P:     0     3     1 1.96 2.42 3.13 3.29 5.45 3.89 4.89 5.67 9.87 5.93 9.34 8.27 9.61 6.50 9.14
S:     4     3       1.96 2.42 3.13 3.29 5.45 3.89 4.89 5.67 9.87 5.93 9.34 8.27 9.61 6.50 9.14
M:     4     3  4.89 1.96 2.42 3.13 3.29 4.89 3.89 5.45 5.67 9.87 5.93 9.34 8.27 9.61 6.50 9.14
P:     4     3     5 1.96 2.42 3.13 3.29 3.89 4.89 5.45 5.67 9.87 5.93 9.34 8.27 9.61 6.50 9.14
S:     8     7       1.96 2.42 3.13 3.29 3.89 4.89 5.45 5.67 9.87 5.93 9.34 8.27 9.61 6.50 9.14
M:     8     7  9.14 1.96 2.42 3.13 3.29 3.89 4.89 5.45 5.67 9.14 5.93 9.34 8.27 9.61 6.50 9.87
P:     8     7    11 1.96 2.42 3.13 3.29 3.89 4.89 5.45 5.67 8.27 5.93 6.50 9.14 9.61 9.34 9.87
S:     8     3       1.96 2.42 3.13 3.29 3.89 4.89 5.45 5.67 8.27 5.93 6.50 9.14 9.61 9.34 9.87
M:     8     3  6.50 1.96 2.42 3.13 3.29 3.89 4.89 5.45 5.67 6.50 5.93 8.27 9.14 9.61 9.34 9.87
P:     8     3     9 1.96 2.42 3.13 3.29 3.89 4.89 5.45 5.67 5.93 6.50 8.27 9.14 9.61 9.34 9.87
S:    12     3       1.96 2.42 3.13 3.29 3.89 4.89 5.45 5.67 5.93 6.50 8.27 9.14 9.61 9.34 9.87
M:    12     3  9.61 1.96 2.42 3.13 3.29 3.89 4.89 5.45 5.67 5.93 6.50 8.27 9.14 9.61 9.34 9.87
P:    12     3    13 1.96 2.42 3.13 3.29 3.89 4.89 5.45 5.67 5.93 6.50 8.27 9.14 9.34 9.61 9.87
                     1.96 2.42 3.13 3.29 3.89 4.89 5.45 5.67 5.93 6.50 8.27 9.14 9.34 9.61 9.87
S:     0    15       9.81 3.51 9.98 6.50 8.15 6.58 0.79 1.81 2.09 1.12 9.99 8.60 6.31 0.65 8.48
M:     0    15  8.48 8.48 3.51 9.98 6.50 8.15 6.58 0.79 1.81 2.09 1.12 9.99 8.60 6.31 0.65 9.81
P:     0    15    10 6.31 3.51 0.65 6.50 8.15 6.58 0.79 1.81 2.09 1.12 8.48 8.60 9.99 9.98 9.81
S:     0    10       6.31 3.51 0.65 6.50 8.15 6.58 0.79 1.81 2.09 1.12 8.48 8.60 9.99 9.98 9.81
M:     0    10  6.31 6.31 3.51 0.65 6.50 8.15 6.58 0.79 1.81 2.09 1.12 8.48 8.60 9.99 9.98 9.81
P:     0    10     6 0.79 3.51 0.65 1.12 2.09 1.81 6.31 6.58 8.15 6.50 8.48 8.60 9.99 9.98 9.81
S:     0     6       0.79 3.51 0.65 1.12 2.09 1.81 6.31 6.58 8.15 6.50 8.48 8.60 9.99 9.98 9.81
M:     0     6  1.12 1.12 3.51 0.65 0.79 2.09 1.81 6.31 6.58 8.15 6.50 8.48 8.60 9.99 9.98 9.81
P:     0     6     2 0.65 0.79 1.12 3.51 2.09 1.81 6.31 6.58 8.15 6.50 8.48 8.60 9.99 9.98 9.81
S:     0     2       0.65 0.79 1.12 3.51 2.09 1.81 6.31 6.58 8.15 6.50 8.48 8.60 9.99 9.98 9.81
S:     3     3       0.65 0.79 1.12 3.51 2.09 1.81 6.31 6.58 8.15 6.50 8.48 8.60 9.99 9.98 9.81
M:     3     3  2.09 0.65 0.79 1.12 2.09 3.51 1.81 6.31 6.58 8.15 6.50 8.48 8.60 9.99 9.98 9.81
P:     3     3     4 0.65 0.79 1.12 1.81 2.09 3.51 6.31 6.58 8.15 6.50 8.48 8.60 9.99 9.98 9.81
S:     7     3       0.65 0.79 1.12 1.81 2.09 3.51 6.31 6.58 8.15 6.50 8.48 8.60 9.99 9.98 9.81
M:     7     3  6.58 0.65 0.79 1.12 1.81 2.09 3.51 6.31 6.58 8.15 6.50 8.48 8.60 9.99 9.98 9.81
P:     7     3     8 0.65 0.79 1.12 1.81 2.09 3.51 6.31 6.50 6.58 8.15 8.48 8.60 9.99 9.98 9.81
S:    11     4       0.65 0.79 1.12 1.81 2.09 3.51 6.31 6.50 6.58 8.15 8.48 8.60 9.99 9.98 9.81
M:    11     4  9.81 0.65 0.79 1.12 1.81 2.09 3.51 6.31 6.50 6.58 8.15 8.48 9.81 9.99 9.98 8.60
P:    11     4    12 0.65 0.79 1.12 1.81 2.09 3.51 6.31 6.50 6.58 8.15 8.48 8.60 9.81 9.98 9.99
S:    13     2       0.65 0.79 1.12 1.81 2.09 3.51 6.31 6.50 6.58 8.15 8.48 8.60 9.81 9.98 9.99
                     0.65 0.79 1.12 1.81 2.09 3.51 6.31 6.50 6.58 8.15 8.48 8.60 9.81 9.98 9.99
S:     0    15       2.89 7.05 3.50 9.98 1.42 2.54 9.06 7.16 8.87 4.31 2.64 4.16 5.77 5.39 9.81
M:     0    15  7.16 7.16 7.05 3.50 9.98 1.42 2.54 9.06 2.89 8.87 4.31 2.64 4.16 5.77 5.39 9.81
P:     0    15    10 2.64 7.05 3.50 5.39 1.42 2.54 5.77 2.89 4.16 4.31 7.16 8.87 9.06 9.98 9.81
S:     0    10       2.64 7.05 3.50 5.39 1.42 2.54 5.77 2.89 4.16 4.31 7.16 8.87 9.06 9.98 9.81
M:     0    10  2.64 2.64 7.05 3.50 5.39 1.42 2.54 5.77 2.89 4.16 4.31 7.16 8.87 9.06 9.98 9.81
P:     0    10     2 1.42 2.54 2.64 5.39 3.50 7.05 5.77 2.89 4.16 4.31 7.16 8.87 9.06 9.98 9.81
S:     0     2       1.42 2.54 2.64 5.39 3.50 7.05 5.77 2.89 4.16 4.31 7.16 8.87 9.06 9.98 9.81
S:     3     7       1.42 2.54 2.64 5.39 3.50 7.05 5.77 2.89 4.16 4.31 7.16 8.87 9.06 9.98 9.81
M:     3     7  5.39 1.42 2.54 2.64 5.39 3.50 7.05 5.77 2.89 4.16 4.31 7.16 8.87 9.06 9.98 9.81
P:     3     7     7 1.42 2.54 2.64 2.89 3.50 4.31 4.16 5.39 5.77 7.05 7.16 8.87 9.06 9.98 9.81
S:     3     4       1.42 2.54 2.64 2.89 3.50 4.31 4.16 5.39 5.77 7.05 7.16 8.87 9.06 9.98 9.81
M:     3     4  4.16 1.42 2.54 2.64 4.16 3.50 4.31 2.89 5.39 5.77 7.05 7.16 8.87 9.06 9.98 9.81
P:     3     4     5 1.42 2.54 2.64 2.89 3.50 4.16 4.31 5.39 5.77 7.05 7.16 8.87 9.06 9.98 9.81
S:     3     2       1.42 2.54 2.64 2.89 3.50 4.16 4.31 5.39 5.77 7.05 7.16 8.87 9.06 9.98 9.81
S:     8     2       1.42 2.54 2.64 2.89 3.50 4.16 4.31 5.39 5.77 7.05 7.16 8.87 9.06 9.98 9.81
S:    11     4       1.42 2.54 2.64 2.89 3.50 4.16 4.31 5.39 5.77 7.05 7.16 8.87 9.06 9.98 9.81
M:    11     4  9.81 1.42 2.54 2.64 2.89 3.50 4.16 4.31 5.39 5.77 7.05 7.16 9.81 9.06 9.98 8.87
P:    11     4    13 1.42 2.54 2.64 2.89 3.50 4.16 4.31 5.39 5.77 7.05 7.16 8.87 9.06 9.81 9.98
S:    11     2       1.42 2.54 2.64 2.89 3.50 4.16 4.31 5.39 5.77 7.05 7.16 8.87 9.06 9.81 9.98
                     1.42 2.54 2.64 2.89 3.50 4.16 4.31 5.39 5.77 7.05 7.16 8.87 9.06 9.81 9.98
